0 0
1 3
2 15
3 18
4 20
5 22
6 24
7 30
8 31
9 37
10 43
11 44
12 47
13 48
14 48
15 58
16 67
17 75
18 80
19 82
20 87
21 98
22 106
23 113
24 128
25 128
26 143
27 144
28 144
29 151
30 153
31 168
32 172
33 175
34 178
35 183
36 188
37 209
38 212
39 221
40 228
41 236
42 256
43 263
44 273
45 273
46 277
47 280
48 281
49 286
50 290
51 292
52 297
53 298
54 301
55 301
56 305
57 312
58 312
59 318
60 330
61 336
62 337
63 351
64 353
65 353
66 354
67 355
68 355
69 360
70 369
71 370
72 379
73 384
74 387
75 389
76 396
77 397
78 410
79 420
80 429
81 436
82 454
83 457
84 466
85 467
86 472
87 473
88 474
89 482
90 485
91 491
92 492
93 501
94 510
95 510
96 512
97 518
98 518
99 524
100 524
101 524
102 531
103 543
104 560
105 562
106 563
107 564
108 568
109 568
110 568
111 569
112 571
113 574
114 577
115 579
116 589
117 592
118 595
119 600
120 604
121 605
122 607
123 607
124 610
125 624
126 633
127 633
128 639
129 642
130 663
131 665
132 665
133 670
134 677
135 678
136 681
137 693
138 694
139 701
140 709
141 710
142 714
143 717
144 721
145 723
146 737
147 738
148 740
149 744
150 759
151 765
152 766
153 776
154 785
155 795
156 799
157 800
158 803
159 821
160 828
161 838
162 838
163 849
164 851
165 857
166 860
167 868
168 874
169 885
170 889
171 901
172 906
173 909
174 909
175 914
176 914
177 925
178 935
179 937
180 939
181 951
182 959
183 962
184 966
185 977
186 982
187 985
188 986
189 987
190 992
191 1000
192 1001
193 1001
194 1007
195 1025
196 1032
197 1033
198 1040
199 1051
200 1051
201 1055
202 1057
203 1066
204 1074
205 1074
206 1075
207 1084
208 1084
209 1085
210 1093
211 1120
212 1143
213 1144
214 1149
215 1152
216 1158
217 1160
218 1161
219 1161
220 1166
221 1166
222 1167
223 1176
224 1183
225 1188
226 1189
227 1197
228 1199
229 1200
230 1200
231 1205
232 1209
233 1213
234 1213
235 1218
236 1219
237 1222
238 1230
239 1232
240 1233
241 1235
242 1238
243 1248
244 1249
245 1266
246 1271
247 1280
248 1283
249 1285
250 1285
251 1292
252 1295
253 1302
254 1304
255 1304
256 1305
257 1307
258 1310
259 1313
260 1314
261 1322
262 1322
263 1339
264 1340
265 1350
266 1361
267 1363
268 1366
269 1367
270 1369
271 1369
272 1372
273 1380
274 1381
275 1384
276 1384
277 1387
278 1413
279 1415
280 1433
281 1438
282 1442
283 1446
284 1447
285 1449
286 1451
287 1456
288 1457
289 1461
290 1462
291 1463
292 1470
293 1476
294 1489
295 1493
296 1499
297 1503
298 1504
299 1507
300 1508
301 1508
302 1510
303 1518
304 1531
305 1533
306 1536
307 1538
308 1538
309 1541
310 1545
311 1550
312 1563
313 1564
314 1568
315 1573
316 1577
317 1583
318 1585
319 1585
320 1586
321 1588
322 1589
323 1591
324 1606
325 1608
326 1621
327 1628
328 1637
329 1638
330 1648
331 1658
332 1660
333 1663
334 1664
335 1668
336 1669
337 1671
338 1676
339 1688
340 1689
341 1692
342 1693
343 1704
344 1714
345 1714
346 1720
347 1725
348 1736
349 1744
350 1750
351 1755
352 1763
353 1775
354 1775
355 1780
356 1786
357 1790
358 1814
359 1820
360 1820
361 1825
362 1832
363 1836
364 1839
365 1851
366 1853
367 1854
368 1858
369 1861
370 1870
371 1878
372 1881
373 1882
374 1885
375 1889
376 1893
377 1900
378 1913
379 1913
380 1921
381 1926
382 1931
383 1931
384 1936
385 1937
386 1947
387 1951
388 1969
389 1973
390 1989
391 1990
392 2022
393 2023
394 2029
395 2032
396 2034
397 2035
398 2036
399 2038
400 2048
401 2050
402 2053
403 2058
404 2070
405 2070
406 2073
407 2076
408 2077
409 2081
410 2089
411 2090
412 2097
413 2108
414 2110
415 2112
416 2115
417 2116
418 2116
419 2124
420 2125
421 2129
422 2141
423 2142
424 2156
425 2159
426 2180
427 2196
428 2204
429 2210
430 2214
431 2215
432 2216
433 2224
434 2228
435 2233
436 2235
437 2237
438 2240
439 2261
440 2264
441 2265
442 2266
443 2268
444 2269
445 2269
446 2273
447 2274
448 2275
449 2276
450 2278
451 2279
452 2291
453 2294
454 2297
455 2302
456 2306
457 2307
458 2313
459 2331
460 2333
461 2336
462 2338
463 2339
464 2350
465 2362
466 2363
467 2364
468 2374
469 2374
470 2377
471 2395
472 2401
473 2403
474 2405
475 2407
476 2409
477 2431
478 2432
479 2439
480 2450
481 2452
482 2462
483 2472
484 2484
485 2485
486 2498
487 2498
488 2504
489 2505
490 2510
491 2512
492 2515
493 2516
494 2516
495 2521
496 2523
497 2524
498 2528
499 2532
500 2539
501 2551
502 2554
503 2555
504 2561
505 2567
506 2569
507 2576
508 2585
509 2586
510 2588
511 2589
512 2594
513 2595
514 2597
515 2605
516 2608
517 2609
518 2611
519 2615
520 2619
521 2622
522 2625
523 2636
524 2642
525 2646
526 2668
527 2668
528 2672
529 2687
530 2705
531 2708
532 2713
533 2713
534 2714
535 2728
536 2735
537 2737
538 2739
539 2744
540 2745
541 2749
542 2764
543 2765
544 2774
545 2774
546 2786
547 2793
548 2800
549 2809
550 2813
551 2813
552 2815
553 2819
554 2829
555 2839
556 2843
557 2847
558 2852
559 2852
560 2853
561 2863
562 2873
563 2882
564 2886
565 2889
566 2895
567 2896
568 2901
569 2903
570 2903
571 2918
572 2921
573 2922
574 2931
575 2933
576 2960
577 2975
578 2986
579 2991
580 2996
581 2999
582 3000
583 3004
584 3005
585 3009
586 3009
587 3013
588 3019
589 3026
590 3040
591 3049
592 3050
593 3051
594 3062
595 3073
596 3082
597 3091
598 3093
599 3094
600 3097
601 3099
602 3102
603 3106
604 3108
605 3108
606 3123
607 3125
608 3132
609 3154
610 3161
611 3165
612 3165
613 3170
614 3188
615 3192
616 3193
617 3196
618 3198
619 3201
620 3213
621 3216
622 3220
623 3220
624 3222
625 3233
626 3252
627 3252
628 3271
629 3275
630 3280
631 3283
632 3289
633 3291
634 3291
635 3301
636 3303
637 3305
638 3311
639 3316
640 3319
641 3326
642 3330
643 3332
644 3335
645 3336
646 3342
647 3343
648 3344
649 3347
650 3356
651 3359
652 3362
653 3370
654 3372
655 3381
656 3382
657 3385
658 3391
659 3398
660 3401
661 3405
662 3405
663 3412
664 3417
665 3423
666 3431
667 3439
668 3439
669 3453
670 3475
671 3475
672 3479
673 3479
674 3483
675 3498
676 3502
677 3506
678 3524
679 3524
680 3529
681 3544
682 3547
683 3551
684 3554
685 3556
686 3557
687 3570
688 3571
689 3576
690 3578
691 3581
692 3584
693 3586
694 3596
695 3602
696 3605
697 3612
698 3616
699 3620
700 3624
701 3627
702 3628
703 3635
704 3639
705 3640
706 3646
707 3648
708 3649
709 3661
710 3667
711 3674
712 3674
713 3676
714 3689
715 3694
716 3702
717 3705
718 3709
719 3714
720 3722
721 3723
722 3727
723 3731
724 3742
725 3745
726 3746
727 3746
728 3748
729 3769
730 3771
731 3775
732 3776
733 3784
734 3790
735 3800
736 3811
737 3819
738 3823
739 3827
740 3829
741 3830
742 3835
743 3836
744 3839
745 3842
746 3843
747 3844
748 3846
749 3849
750 3852
751 3854
752 3854
753 3860
754 3864
755 3866
756 3868
757 3868
758 3874
759 3883
760 3883
761 3887
762 3887
763 3889
764 3892
765 3894
766 3896
767 3898
768 3903
769 3904
770 3907
771 3909
772 3915
773 3916
774 3916
775 3919
776 3923
777 3923
778 3927
779 3931
780 3933
781 3934
782 3939
783 3949
784 3951
785 3951
786 3952
787 3953
788 3961
789 3962
790 3963
791 3966
792 3968
793 3976
794 3991
795 3996
796 4005
797 4007
798 4012
799 4019
800 4027
801 4033
802 4051
803 4056
804 4070
805 4074
806 4080
807 4081
808 4082
809 4085
810 4086
811 4097
812 4103
813 4105
814 4107
815 4115
816 4119
817 4122
818 4132
819 4133
820 4137
821 4140
822 4141
823 4142
824 4143
825 4143
826 4146
827 4151
828 4152
829 4154
830 4169
831 4172
832 4173
833 4176
834 4176
835 4181
836 4182
837 4185
838 4187
839 4202
840 4210
841 4219
842 4231
843 4245
844 4246
845 4258
846 4261
847 4263
848 4264
849 4271
850 4271
851 4272
852 4284
853 4285
854 4300
855 4302
856 4318
857 4320
858 4322
859 4323
860 4328
861 4330
862 4337
863 4339
864 4341
865 4358
866 4359
867 4362
868 4383
869 4387
870 4400
871 4410
872 4442
873 4443
874 4445
875 4446
876 4455
877 4458
878 4462
879 4484
880 4486
881 4489
882 4490
883 4497
884 4503
885 4508
886 4514
887 4527
888 4528
889 4538
890 4539
891 4540
892 4544
893 4547
894 4554
895 4556
896 4558
897 4564
898 4564
899 4566
900 4568
901 4573
902 4573
903 4588
904 4598
905 4608
906 4614
907 4616
908 4622
909 4623
910 4628
911 4632
912 4643
913 4646
914 4654
915 4657
916 4664
917 4664
918 4665
919 4665
920 4675
921 4678
922 4681
923 4681
924 4682
925 4684
926 4690
927 4691
928 4693
929 4696
930 4696
931 4698
932 4699
933 4702
934 4706
935 4708
936 4718
937 4730
938 4732
939 4734
940 4734
941 4735
942 4742
943 4750
944 4755
945 4760
946 4764
947 4765
948 4776
949 4780
950 4785
951 4786
952 4786
953 4787
954 4788
955 4789
956 4796
957 4803
958 4810
959 4814
960 4817
961 4830
962 4831
963 4835
964 4840
965 4842
966 4844
967 4851
968 4858
969 4864
970 4869
971 4871
972 4875
973 4876
974 4877
975 4877
976 4881
977 4882
978 4886
979 4896
980 4908
981 4908
982 4909
983 4909
984 4910
985 4918
986 4924
987 4935
988 4938
989 4938
990 4946
991 4956
992 4957
993 4957
994 4959
995 4962
996 4979
997 4980
998 4989
999 4996
1000 4999
